64
2.066947504759630
1.892843516742498
2.067714231514562
1.818710966920532
1.988520238679149
1.709973189564593
1.985773720473438
1.763092141807441
1.415546845000821
1.663119920884205
2.029017005681446
1.700301041767957
1.539699602327729
1.612166299108251
1.776809857788368
2.037164650878199
1.767704767102696
1.614781263904729
1.424128667180439
1.900734590833652
1.938101197356997
1.441661226616500
1.838968971756818
1.585632593316606
1.618640804685898
1.765886345311217
1.686038293149215
2.025052420183007
1.801639773239973
1.797522069819850
1.676150451824425
1.884113912180484
1.798526564714764
1.640253134385608
1.816455014630805
1.591762367984083
1.433670020664717
1.986662345145483
1.471778970581891
1.909792239800446
1.708349362184813
2.098034375172084
1.793727576357001
1.726097643034436
1.693306560947702
1.548121339848106
1.565037144384221
1.619841295450617
2.008899605210507
1.576294099855826
2.078753338878571
1.612332719900448
1.661796290391071
1.643857792116562
1.890588009550445
1.830072260224523
1.931416275360865
1.959340977831877
1.550930812175314
2.025491823811017
2.029788391874315
2.057379526284927
1.591753746736139
1.733944445973021
64
1.577505710853596
1.653467950435323
1.768900196792071
1.666642712284722
1.976371239684138
1.620144396835137
1.864234312186126
1.853241356418022
1.729234426568741
1.902589532212734
1.413353085998833
1.735092625895205
2.092506254496735
2.084191680831879
1.748629140114422
1.428616588593770
1.493651277873357
2.054428284024634
1.412277872913022
1.442765707019089
1.755103206525929
1.663916129858208
1.471818235207602
1.753633638899582
1.560871201505768
1.535629050025102
1.778409553903101
2.037411121540440
1.806713617808473
1.543601976573617
2.018773730922960
1.599984861633299
1.503854098302118
2.083081991378731
1.587708135470902
1.500309593327801
1.999955694625705
1.486360980455971
2.050135617027620
1.791811648155126
1.524368897385557
1.830650419451507
1.640456266821933
1.651582790408077
1.693684315541596
1.954929373546294
1.634877049945792
2.018787763046075
1.722049335029208
1.400302800092773
1.914917478827977
1.699518615840562
1.403484238554461
2.076723353324218
1.868030188575962
2.027861239379563
1.542198485297406
1.790623188811764
1.897518125894609
1.736815132045506
1.910273968447555
1.823241454997852
2.091754512265503
2.033119747664528
64
0.176661429937620
0.168700573780053
0.160602998238738
0.165656995791158
0.158753490132131
0.167876128550709
0.202454406342520
0.155866177581532
0.165160925151446
0.152063852420737
0.179016669081116
0.168298771546601
0.208422826295385
0.184685367559863
0.207877446035054
0.161976972224934
0.168425549009426
0.188067615700336
0.151099340875275
0.194214993012980
0.161358577968789
0.157158896671605
0.162311597689326
0.187217574154192
0.167904904672990
0.207047094352145
0.152993538190679
0.170346515561804
0.187124382873151
0.171429350043987
0.180200046688126
0.202945126753515
0.199029187947347
0.165517588039578
0.159511942767597
0.157645515014449
0.156966752202490
0.140428414442295
0.196171231544354
0.206401535462875
0.173383504302232
0.164491521166738
0.174987223046185
0.162622603303292
0.168737415578150
0.166462695087605
0.160005826943251
0.142672650841026
0.141201106362142
0.209143847637120
0.145412203467212
0.153625717512214
0.171331665272979
0.148806812149691
0.197136536624999
0.161163138204872
0.141913086590950
0.206722928236808
0.185020926389774
0.150749978442540
0.199476779118396
0.153940476927936
0.205535227794996
0.141115514503312
